#XFLparameters
#Vref = 165.000000 V
#alpha_nominal = 90.0 deg
#beta_nominal = 12.0 deg

RELATIVE_RFEXC 0.459   128.823     0.310   276.421     0.310   129.555     0.773   138.622     0.846   145.414     0.490   186.403     0.551   165.928     0.290    80.012
RELATIVE_RFEXC 0.526   155.071     0.324   259.395     0.473     1.980     0.519    52.444     0.202    17.077     0.896    36.699     0.550   224.791     0.569   325.537
RELATIVE_RFEXC 0.350   300.171     0.994   182.106     0.702   307.071     0.215   176.630     0.520    28.476     0.581   188.940     0.221   216.306     0.195   168.401
RELATIVE_RFEXC 0.363   276.463     0.834   355.156     0.677   238.013     0.413   342.756     0.314     7.014     0.663   209.905     0.360   266.769     0.469   242.246
RELATIVE_RFEXC 0.336   123.672     0.847   255.239     0.277   224.748     0.434   133.631     0.792   345.400     0.327   324.166     0.388     6.157     0.603   336.276
RELATIVE_RFEXC 0.500   163.060     0.834   172.761     0.394   125.602     0.288    41.343     0.468    93.751     0.718   315.433     0.280   315.660     0.588   190.041
RELATIVE_RFEXC 0.407   146.804     0.123   189.552     0.578   335.014     0.821    73.431     0.258   224.508     0.503   101.309     0.419    36.764     0.813   121.992
RELATIVE_RFEXC 0.655   218.564     0.521   277.875     0.313    80.892     0.567   316.562     0.244   180.316     0.736   267.070     0.403   106.083     0.679   340.879

SATURATE_RFSAT 0.395   169.269     0.947   238.118     0.385   105.825     0.749   176.665     0.763   184.096     0.542   166.600     0.356   208.176     0.542   214.319
SATURATE_RFEXC 0.395   169.269     0.947   238.118     0.385   105.825     0.749   176.665     0.763   184.096     0.542   166.600     0.356   208.176     0.542   214.319
SATURATE_RFSAT 0.753   340.832     1.000    47.661     0.146    28.243     0.099   242.356     0.449   117.953     0.666    78.527     0.322   138.150     0.843    99.789
SATURATE_RFEXC 0.753   340.832     1.000    47.661     0.146    28.243     0.099   242.356     0.449   117.953     0.666    78.527     0.322   138.150     0.843    99.789
SATURATE_RFSAT 0.472    71.192     0.955   215.380     0.325     2.635     0.684   223.820     0.468    33.720     0.958   179.656     0.187   309.845     0.421   166.859
SATURATE_RFEXC 0.472    71.192     0.955   215.380     0.325     2.635     0.684   223.820     0.468    33.720     0.958   179.656     0.187   309.845     0.421   166.859
