#XFLparameters
#Vref = 165.000000 V
#alpha_nominal = 130.0 deg
#beta_nominal = 12.0 deg
RELATIVE_RFEXC 0.269   305.371     0.359   193.836     0.406    93.164     0.298   217.242     0.753   191.820     0.758   192.161     0.559   152.438     0.438   169.687
RELATIVE_RFEXC 0.571    11.259     0.447   204.804     0.358    99.283     0.466     8.285     0.453   308.991     0.226   349.713     0.787   327.458     0.597   120.886
RELATIVE_RFEXC 0.247   218.038     0.338    74.339     0.866   194.971     0.667    67.689     0.215   185.848     0.594   348.087     0.559   187.856     0.140   164.383
RELATIVE_RFEXC 0.448   111.229     0.381    99.125     0.756     1.422     0.672   130.786     0.382    12.811     0.219   358.283     0.646   143.550     0.349    93.845
RELATIVE_RFEXC 0.606    24.846     0.292   263.043     0.843   109.840     0.206   174.234     0.336   229.766     0.716    18.670     0.354    56.258     0.382   355.943
RELATIVE_RFEXC 0.507   183.667     0.413   203.397     0.850   192.694     0.382   223.079     0.320   317.236     0.343   254.236     0.721    44.649     0.254    59.657
RELATIVE_RFEXC 0.792   222.151     0.524   229.966     0.250   125.032     0.499    15.750     0.734   265.325     0.190   133.493     0.442   221.208     0.341   299.368
RELATIVE_RFEXC 0.653   336.433     0.659    97.401     0.501    53.086     0.323   274.789     0.587   349.657     0.173   135.441     0.573    35.211     0.430   237.208
RELATIVE_RFEXC 0.565   167.981     0.405   201.958     0.957   110.069     0.509   263.898     0.753   169.003     1.000   188.818     0.543   171.723     0.396   169.726
SATURATE_RFSAT 0.565   167.981     0.405   201.958     0.957   110.069     0.509   263.898     0.753   169.003     1.000   188.818     0.543   171.723     0.396   169.726
SATURATE_RFEXC 0.565   167.981     0.405   201.958     0.957   110.069     0.509   263.898     0.753   169.003     1.000   188.818     0.543   171.723     0.396   169.726
