#XFLparameters
#Vref = 165.000000 V
#alpha_nominal = 80.0 deg
#beta_nominal = 14.0 deg

RELATIVE_RFEXC 0.311   305.371     0.415   193.836     0.469    93.164     0.345   217.242     0.870   191.820     0.875   192.161     0.645   152.438     0.506   169.687
RELATIVE_RFEXC 0.659    11.259     0.516   204.804     0.413    99.283     0.538     8.285     0.523   308.991     0.261   349.713     0.909   327.458     0.689   120.886
RELATIVE_RFEXC 0.285   218.038     0.390    74.339     1.000   194.971     0.770    67.689     0.249   185.848     0.686   348.087     0.646   187.856     0.161   164.383
RELATIVE_RFEXC 0.517   111.229     0.440    99.125     0.873     1.422     0.776   130.786     0.441    12.811     0.253   358.283     0.746   143.550     0.403    93.845
RELATIVE_RFEXC 0.700    24.846     0.337   263.043     0.973   109.840     0.238   174.234     0.388   229.766     0.827    18.670     0.409    56.258     0.441   355.943
RELATIVE_RFEXC 0.586   183.667     0.477   203.397     0.982   192.694     0.442   223.079     0.370   317.236     0.396   254.236     0.833    44.649     0.293    59.657
RELATIVE_RFEXC 0.915   222.151     0.606   229.966     0.289   125.032     0.577    15.750     0.847   265.325     0.220   133.493     0.511   221.208     0.394   299.368
RELATIVE_RFEXC 0.754   336.433     0.761    97.401     0.578    53.086     0.373   274.789     0.677   349.657     0.200   135.441     0.661    35.211     0.497   237.208
RELATIVE_RFEXC 0.565   167.981     0.405   201.958     0.957   110.069     0.509   263.898     0.753   169.003     1.000   188.818     0.543   171.723     0.396   169.726
SATURATE_RFSAT 0.311   305.371     0.415   193.836     0.469    93.164     0.345   217.242     0.870   191.820     0.875   192.161     0.645   152.438     0.506   169.687
SATURATE_RFEXC 0.565   167.981     0.405   201.958     0.957   110.069     0.509   263.898     0.753   169.003     1.000   188.818     0.543   171.723     0.396   169.726
SATURATE_RFSAT 0.659    11.259     0.516   204.804     0.413    99.283     0.538     8.285     0.523   308.991     0.261   349.713     0.909   327.458     0.689   120.886
SATURATE_RFEXC 0.565   167.981     0.405   201.958     0.957   110.069     0.509   263.898     0.753   169.003     1.000   188.818     0.543   171.723     0.396   169.726
SATURATE_RFSAT 0.285   218.038     0.390    74.339     1.000   194.971     0.770    67.689     0.249   185.848     0.686   348.087     0.646   187.856     0.161   164.383
SATURATE_RFEXC 0.565   167.981     0.405   201.958     0.957   110.069     0.509   263.898     0.753   169.003     1.000   188.818     0.543   171.723     0.396   169.726
SATURATE_RFSAT 0.517   111.229     0.440    99.125     0.873     1.422     0.776   130.786     0.441    12.811     0.253   358.283     0.746   143.550     0.403    93.845
SATURATE_RFEXC 0.565   167.981     0.405   201.958     0.957   110.069     0.509   263.898     0.753   169.003     1.000   188.818     0.543   171.723     0.396   169.726
SATURATE_RFSAT 0.700    24.846     0.337   263.043     0.973   109.840     0.238   174.234     0.388   229.766     0.827    18.670     0.409    56.258     0.441   355.943
SATURATE_RFEXC 0.565   167.981     0.405   201.958     0.957   110.069     0.509   263.898     0.753   169.003     1.000   188.818     0.543   171.723     0.396   169.726
SATURATE_RFSAT 0.586   183.667     0.477   203.397     0.982   192.694     0.442   223.079     0.370   317.236     0.396   254.236     0.833    44.649     0.293    59.657
SATURATE_RFEXC 0.565   167.981     0.405   201.958     0.957   110.069     0.509   263.898     0.753   169.003     1.000   188.818     0.543   171.723     0.396   169.726
SATURATE_RFSAT 0.915   222.151     0.606   229.966     0.289   125.032     0.577    15.750     0.847   265.325     0.220   133.493     0.511   221.208     0.394   299.368
SATURATE_RFEXC 0.565   167.981     0.405   201.958     0.957   110.069     0.509   263.898     0.753   169.003     1.000   188.818     0.543   171.723     0.396   169.726
SATURATE_RFSAT 0.754   336.433     0.761    97.401     0.578    53.086     0.373   274.789     0.677   349.657     0.200   135.441     0.661    35.211     0.497   237.208
SATURATE_RFEXC 0.565   167.981     0.405   201.958     0.957   110.069     0.509   263.898     0.753   169.003     1.000   188.818     0.543   171.723     0.396   169.726

# Nsat = 8
# Cond_read = 2.000
# Cond_sat = 2.000
