#XFLparameters
#Vref = 165.000000 V
#alpha_nominal = 100.0 deg
#beta_nominal = 10.0 deg
RELATIVE_RFEXC 0.378   166.164     0.428   266.836     0.314   142.758     0.794   168.180     0.799   167.839     0.589   207.562     0.462   190.313     0.284    54.629
RELATIVE_RFEXC 0.471   155.196     0.377   260.717     0.491   351.715     0.477    51.009     0.238    10.287     0.829    32.542     0.629   239.114     0.601   348.741
RELATIVE_RFEXC 0.356   285.661     0.913   165.029     0.703   292.311     0.227   174.152     0.626    11.913     0.589   172.144     0.147   195.617     0.260   141.962
RELATIVE_RFEXC 0.402   260.875     0.797   358.578     0.708   229.214     0.403   347.189     0.231     1.717     0.681   216.450     0.368   266.155     0.472   248.771
RELATIVE_RFEXC 0.308    96.957     0.888   250.160     0.217   185.766     0.354   130.234     0.754   341.330     0.374   303.742     0.402     4.057     0.639   335.154
RELATIVE_RFEXC 0.435   156.603     0.896   167.306     0.403   136.921     0.337    42.764     0.362   105.764     0.760   315.351     0.267   300.343     0.535   176.333
RELATIVE_RFEXC 0.553   130.034     0.263   234.968     0.526   344.250     0.773    94.675     0.201   226.507     0.466   138.792     0.360    60.632     0.835   137.849
RELATIVE_RFEXC 0.694   262.599     0.528   306.914     0.340    85.211     0.618    10.343     0.182   224.559     0.603   324.789     0.453   122.792     0.688    23.567
SATURATE_RFSAT 0.394   169.140     0.945   237.938     0.385   105.549     0.748   176.484     0.763   183.903     0.541   166.446     0.355   207.952     0.542   214.375
SATURATE_RFEXC 0.394   169.140     0.945   237.938     0.385   105.549     0.748   176.484     0.763   183.903     0.541   166.446     0.355   207.952     0.542   214.375
SATURATE_RFSAT 0.751   340.791     1.000    47.568     0.144    28.336     0.099   243.620     0.447   118.026     0.664    78.421     0.322   138.186     0.842    99.793
SATURATE_RFEXC 0.751   340.791     1.000    47.568     0.144    28.336     0.099   243.620     0.447   118.026     0.664    78.421     0.322   138.186     0.842    99.793
SATURATE_RFSAT 0.472    71.003     0.954   215.441     0.324     2.960     0.682   223.871     0.466    33.719     0.957   179.684     0.187   309.758     0.421   166.871
SATURATE_RFEXC 0.472    71.003     0.954   215.441     0.324     2.960     0.682   223.871     0.466    33.719     0.957   179.684     0.187   309.758     0.421   166.871

# Nsat = 3
# Cond_read = 2.000
# Cond_sat = 2.000

# mean alpha for each mode = 0.000 0.000 0.000 0.000 0.000 0.000 0.000 0.000 60.013 83.967 62.327
# mean alpha averaged over modes =  68.769
# min max alpha over modes =  38.911
# mean beta angles for each mode = 6.432 8.629 5.051 5.962 7.297 7.502 6.979 7.164 6.001 8.397 6.233
# mean beta angles averaged over modes =  6.877
# min max beta over modes =  4.298
